-9.0
,-8.999999999999998
,-9.0
,-8.0
,-9.0
,-10.0
,-18.0
,-13.0
,-10.0
,-10.0
,-7.999999999999999
,-10.0
,-17.0
,-5.0
,0.0
,9.0
,-5.0
,-2.9999999999999982
,-3.0
,-1.0
,-3.0
,-11.0
,-3.0
,-2.0
,-8.0
,10.0
,7.999999999999998
,-5.0
,-5.000000000000002
,8.0
,-6.0
,-2.9999999999999982
,3.0
,-2.0
,4.000000000000001
,3.0000000000000013
,-3.0
,-3.0
,0.0
,4.0
,-6.0
,-13.000000000000002
,-17.0
,-16.0
,-15.0
,8.881784197001252e-16
,0.0
,-2.220446049250313e-16
,-5.551115123125783e-17
,0.0
,0.0
,-8.0
,0.0
,8.881784197001252e-16
,-1.1102230246251565e-16
,2.7755575615628914e-17
,-6.938893903907228e-18
,0.0
,0.0
,0.0
,-3.0
,4.440892098500626e-16
,0.0
,0.0
,-1.3877787807814457e-17
,3.469446951953614e-18
,0.0
,0.0
,0.0
,0.0
,0.0
,0.0
,0.0
,0.0
,0.0
,0.0
,0.0
,0.0
,0.0
,-13.0
,-1.7763568394002505e-15
,0.0
,0.0
,8.0
,0.0
,-8.881784197001252e-16
,1.1102230246251565e-16
,-2.7755575615628914e-17
,6.938893903907228e-18
,12.0
,-1.7763568394002505e-15
,0.0
,0.0
,5.551115123125783e-17
,11.0
,0.0
,0.0
,9.0
,0.0
,-4.440892098500626e-16
,12.0
,-1.7763568394002505e-15
,9.000000000000002
,0.0
,0.0
,0.0
,0.0
,-6.938893903907228e-18
,0.0
,0.0
,10.0
,0.0
,0.0
,-2.220446049250313e-16
,5.551115123125783e-17
,1.3877787807814457e-17
,0.0
,0.0
,0.0
,0.0
,0.0
,-12.0
,1.7763568394002505e-15
,11.0
,0.0
,0.0
,-17.0
,-17.0
,0.0
,12.0
,1.7763568394002505e-15
,-8.881784197001252e-16
,9.0
,0.0
,-12.0
,0.0
,0.0
,0.0
,-5.551115123125783e-17
,1.3877787807814457e-17
,0.0
,9.0
,12.0
,-8.881784197001252e-16
,-8.881784197001252e-16
,0.0
,9.0
,9.0
,11.0
,0.0
,8.0
,1.7763568394002505e-15
,4.440892098500626e-16
,-2.220446049250313e-16
,-2.7755575615628914e-17
,8.0
,0.0
,-8.881784197001252e-16
,12.0
,0.0
,-8.881784197001252e-16
,0.0
,5.551115123125783e-17
,-1.3877787807814457e-17
,0.0
,0.0
,0.0
,8.0
,2.000000000000001
,0.0
,6.938893903907228e-18
,0.0
,-3.469446951953614e-18
,1.734723475976807e-18
,0.0
,0.0
,0.0
,0.0
,0.0
,0.0
,0.0
,0.0
,0.0
,0.0
,0.0
,0.0
,0.0
,0.0
,0.0
,0.0
,0.0
,0.0
,0.0
,0.0
,0.0
,0.0
,0.0
,0.0
,0.0
,0.0
,0.0
,0.0
,0.0
,0.0
,0.0
,0.0
,0.0
,0.0
,0.0
,0.0
,0.0
,0.0
,0.0
,0.0
,-7.0
,0.0
,4.440892098500626e-16
,1.1102230246251565e-16
,-2.7755575615628914e-17
,0.0
,0.0
,0.0
,0.0
,0.0
,0.0
,0.0
,0.0
,-13.0
,-14.000000000000004
,-14.0
,0.0
,0.0
,2.220446049250313e-16
,0.0
,0.0
,0.0
,0.0
,0.0
,-15.0
,-10.0
,0.0
,0.0
,-1.1102230246251565e-16
,-2.7755575615628914e-17
,-1.3877787807814457e-17
,-15.0
,0.0
,-8.881784197001252e-16
,-4.440892098500626e-16
,-5.551115123125783e-17
,0.0
,-15.0
,0.0
,-8.881784197001252e-16
,-4.440892098500626e-16
,-5.551115123125783e-17
,0.0
,0.0
,0.0
,-10.0
,0.0
,-15.0
,0.0
,0.0
,2.220446049250313e-16
,-5.551115123125783e-17
,0.0
,0.0
,3.0
,-4.440892098500626e-16
,0.0
,0.0
,1.3877787807814457e-17
,-3.469446951953614e-18
,0.0
,8.0
,0.0
,7.0
,5.000000000000002
,7.0
,-8.881784197001252e-16
,0.0
,-1.1102230246251565e-16
,2.7755575615628914e-17
,0.0
,0.0
,0.0
,2.0
,6.0
,9.0
,10.0
,9.0
,9.0
,9.0
,8.0
,7.999999999999999
,8.0
,8.0
,7.000000000000001
,8.0
,8.0
,8.0
,6.0
,4.0
,2.0
,2.0
,1.0
,0.0
,-2.7755575615628914e-17
,0.0
,-3.469446951953614e-18
,8.673617379884035e-19
,0.0
,-1.0
,-2.0
,-3.0
,-4.0
,-5.0
,-6.0
,-6.0
,-8.0
,-8.0
,-9.0
,-10.0
,-11.0
,-11.0
,-12.0
,-12.0
,-12.0
,-9.000000000000002
,-12.000000000000002
,-9.0
,-12.0
,-12.0
,-12.000000000000002
,-9.0
,-13.0
,-9.0
,-13.0
,-11.999999999999996
,0.0
,4.440892098500626e-16
,-3.0
,-4.0
,-9.0
,-4.000000000000001
,5.0
,11.0
,-18.0
,-14.000000000000005
,-14.0
,-13.999999999999996
,-16.0
,-15.0
,-14.0
,-12.0
,-9.0
,-8.0
,-6.0
,-4.0
,-7.999999999999999
,8.881784197001252e-16
,4.440892098500626e-16
,-1.0
,-1.0
,0.0
,1.0
,0.0
,0.9999999999999998
,0.9999999999999999
,1.0
,1.0
,0.9999999999999999
,3.0
,5.0
,4.0
,-1.0
,2.0
,2.0
,2.0000000000000004
,3.9999999999999996
,3.0
,5.0
,4.0
,10.0
,5.0
,4.0
,6.0
,5.0
,6.0
,8.0
,6.0
,8.0
,8.0
,0.0
,8.0
,0.0
,-4.440892098500626e-16
,-1.1102230246251565e-16
,-2.7755575615628914e-17
,5.0
,0.0
,0.0
,4.0
,4.0
,4.000000000000001
,2.9999999999999996
,3.0000000000000004
,2.9999999999999996
,2.0
,4.0
,5.0
,4.0
,4.0
,3.9999999999999996
,5.0
,5.0