05-07-2020 21:59:16,	 0,	 0,	 0.0,	 0,	 0,	 0.0	 
05-07-2020 21:59:16,	 0,	 0,	 0.0,	 0,	 0,	 0.0	 
05-07-2020 21:59:16,	 0,	 0,	 0.0,	 0,	 0,	 0.0	 
05-07-2020 21:59:16,	 0,	 0,	 0.0,	 0,	 0,	 0.0	 
05-07-2020 21:59:17,	 0,	 0,	 0.0,	 0,	 0,	 0.0	 
05-07-2020 21:59:17,	 0,	 0,	 0.0,	 0,	 0,	 0.0	 
05-07-2020 21:59:17,	 0,	 0,	 0.0,	 0,	 0,	 0.0	 
05-07-2020 21:59:17,	 0,	 0,	 0.0,	 0,	 0,	 0.0	 
05-07-2020 21:59:18,	 0,	 0,	 0.0,	 0,	 0,	 0.0	 
05-07-2020 21:59:18,	 4,	 4,	 4.0,	 0,	 0,	 0.0	 
05-07-2020 21:59:18,	 4,	 4,	 3.9999999999999996,	 0,	 0,	 0.0	 
05-07-2020 21:59:19,	 5,	 5,	 5.0,	 0,	 0,	 0.0	 
05-07-2020 21:59:19,	 4,	 4,	 4.0,	 0,	 0,	 0.0	 
05-07-2020 21:59:19,	 3,	 3,	 3.0,	 0,	 0,	 0.0	 
05-07-2020 21:59:20,	 6,	 6,	 6.0,	 0,	 0,	 0.0	 
05-07-2020 21:59:20,	 5,	 5,	 5.000000000000001,	 0,	 0,	 0.0	 
05-07-2020 21:59:20,	 5,	 5,	 5.0,	 5,	 5,	 5.0	 
05-07-2020 21:59:21,	 5,	 5,	 5.0,	 5,	 5,	 5.0	 
05-07-2020 21:59:21,	 5,	 5,	 4.999999999999999,	 5,	 5,	 5.0	 
05-07-2020 21:59:21,	 4,	 4,	 4.0,	 4,	 4,	 3.9999999999999996	 
05-07-2020 21:59:22,	 0,	 0,	 0.0,	 4,	 4,	 3.9999999999999996	 
05-07-2020 21:59:22,	 0,	 0,	 2.220446049250313e-16,	 4,	 4,	 3.9999999999999996	 
05-07-2020 21:59:23,	 0,	 0,	 -1.1102230246251565e-16,	 4,	 4,	 4.0	 
05-07-2020 21:59:23,	 5,	 5,	 5.0,	 5,	 5,	 5.0	 
05-07-2020 21:59:23,	 0,	 0,	 0.0,	 4,	 4,	 4.0	 
05-07-2020 21:59:23,	 0,	 0,	 0.0,	 4,	 4,	 4.0	 
05-07-2020 21:59:24,	 0,	 0,	 -1.1102230246251565e-16,	 4,	 4,	 4.0	 
05-07-2020 21:59:24,	 0,	 0,	 2.7755575615628914e-17,	 0,	 0,	 0.0	 
05-07-2020 21:59:24,	 0,	 0,	 6.938893903907228e-18,	 0,	 0,	 -4.440892098500626e-16	 
05-07-2020 21:59:25,	 0,	 0,	 0.0,	 0,	 0,	 -5.551115123125783e-17	 
05-07-2020 21:59:25,	 0,	 0,	 0.0,	 0,	 0,	 -2.7755575615628914e-17	 
05-07-2020 21:59:25,	 0,	 0,	 0.0,	 0,	 0,	 3.469446951953614e-18	 
05-07-2020 21:59:26,	 0,	 0,	 0.0,	 0,	 0,	 0.0	 
05-07-2020 21:59:26,	 0,	 0,	 0.0,	 0,	 0,	 0.0	 
05-07-2020 21:59:26,	 0,	 0,	 0.0,	 0,	 0,	 0.0	 
05-07-2020 21:59:27,	 0,	 0,	 0.0,	 0,	 0,	 0.0	 
05-07-2020 21:59:27,	 0,	 0,	 0.0,	 0,	 0,	 0.0	 
05-07-2020 21:59:27,	 0,	 0,	 0.0,	 0,	 0,	 0.0	 
05-07-2020 21:59:27,	 0,	 0,	 0.0,	 0,	 0,	 0.0	 
05-07-2020 21:59:28,	 0,	 0,	 0.0,	 0,	 0,	 0.0	 
05-07-2020 21:59:28,	 0,	 0,	 0.0,	 0,	 0,	 0.0	 
05-07-2020 21:59:28,	 0,	 0,	 0.0,	 0,	 0,	 0.0	 
05-07-2020 21:59:29,	 0,	 0,	 0.0,	 0,	 0,	 0.0	 
05-07-2020 21:59:29,	 0,	 0,	 0.0,	 0,	 0,	 0.0	 
05-07-2020 21:59:29,	 0,	 0,	 0.0,	 0,	 0,	 0.0	 
05-07-2020 21:59:29,	 0,	 0,	 0.0,	 0,	 0,	 0.0	 
05-07-2020 21:59:30,	 0,	 0,	 0.0,	 0,	 0,	 0.0	 
05-07-2020 21:59:30,	 0,	 0,	 0.0,	 0,	 0,	 0.0	 
05-07-2020 21:59:30,	 0,	 0,	 0.0,	 0,	 0,	 0.0	 
05-07-2020 21:59:30,	 0,	 0,	 0.0,	 0,	 0,	 0.0	 
05-07-2020 21:59:31,	 0,	 0,	 0.0,	 0,	 0,	 0.0	 
05-07-2020 21:59:31,	 0,	 0,	 0.0,	 0,	 0,	 0.0	 
05-07-2020 21:59:31,	 0,	 0,	 0.0,	 0,	 0,	 0.0	 
05-07-2020 21:59:32,	 0,	 0,	 0.0,	 0,	 0,	 0.0	 
05-07-2020 21:59:32,	 0,	 0,	 0.0,	 0,	 0,	 0.0	 
05-07-2020 21:59:32,	 0,	 0,	 0.0,	 0,	 0,	 0.0	 
05-07-2020 21:59:32,	 0,	 0,	 0.0,	 0,	 0,	 0.0	 
05-07-2020 21:59:33,	 0,	 0,	 0.0,	 0,	 0,	 0.0	 
05-07-2020 21:59:33,	 0,	 0,	 0.0,	 0,	 0,	 0.0	 
05-07-2020 21:59:33,	 0,	 0,	 0.0,	 0,	 0,	 0.0	 
05-07-2020 21:59:33,	 0,	 0,	 0.0,	 0,	 0,	 0.0	 
05-07-2020 21:59:34,	 1,	 1,	 1.0,	 0,	 0,	 0.0	 
05-07-2020 21:59:34,	 0,	 0,	 0.0,	 0,	 0,	 0.0	 
05-07-2020 21:59:34,	 0,	 0,	 -1.1102230246251565e-16,	 0,	 0,	 0.0	 
05-07-2020 21:59:34,	 0,	 0,	 1.3877787807814457e-17,	 0,	 0,	 0.0	 
05-07-2020 21:59:35,	 3,	 3,	 3.0,	 0,	 0,	 0.0	 
05-07-2020 21:59:35,	 0,	 0,	 0.0,	 0,	 0,	 0.0	 
05-07-2020 21:59:35,	 0,	 0,	 0.0,	 0,	 0,	 0.0	 
05-07-2020 21:59:35,	 0,	 0,	 0.0,	 0,	 0,	 0.0	 
05-07-2020 21:59:35,	 0,	 0,	 1.3877787807814457e-17,	 0,	 0,	 0.0	 
05-07-2020 21:59:36,	 0,	 0,	 -3.469446951953614e-18,	 0,	 0,	 0.0	 
05-07-2020 21:59:36,	 0,	 0,	 0.0,	 0,	 0,	 0.0	 
05-07-2020 21:59:36,	 0,	 0,	 0.0,	 0,	 0,	 0.0	 
05-07-2020 21:59:36,	 0,	 0,	 0.0,	 0,	 0,	 0.0	 
05-07-2020 21:59:37,	 0,	 0,	 0.0,	 0,	 0,	 0.0	 
05-07-2020 21:59:37,	 0,	 0,	 0.0,	 0,	 0,	 0.0	 
05-07-2020 21:59:37,	 0,	 0,	 0.0,	 0,	 0,	 0.0	 
05-07-2020 21:59:37,	 0,	 0,	 0.0,	 0,	 0,	 0.0	 
05-07-2020 21:59:38,	 0,	 0,	 0.0,	 0,	 0,	 0.0	 
05-07-2020 21:59:38,	 0,	 0,	 0.0,	 0,	 0,	 0.0	 
05-07-2020 21:59:38,	 0,	 0,	 0.0,	 0,	 0,	 0.0	 
05-07-2020 21:59:38,	 0,	 0,	 0.0,	 0,	 0,	 0.0	 
05-07-2020 21:59:39,	 0,	 0,	 0.0,	 0,	 0,	 0.0	 
05-07-2020 21:59:39,	 0,	 0,	 0.0,	 0,	 0,	 0.0	 
05-07-2020 21:59:39,	 0,	 0,	 0.0,	 0,	 0,	 0.0	 
05-07-2020 21:59:39,	 0,	 0,	 0.0,	 0,	 0,	 0.0	 
05-07-2020 21:59:40,	 0,	 0,	 0.0,	 0,	 0,	 0.0	 
05-07-2020 21:59:40,	 0,	 0,	 0.0,	 0,	 0,	 0.0	 
05-07-2020 21:59:40,	 0,	 0,	 0.0,	 0,	 0,	 0.0	 
05-07-2020 21:59:40,	 0,	 0,	 0.0,	 0,	 0,	 0.0	 
05-07-2020 21:59:40,	 0,	 0,	 0.0,	 0,	 0,	 0.0	 
05-07-2020 21:59:41,	 0,	 0,	 0.0,	 0,	 0,	 0.0	 
05-07-2020 21:59:41,	 0,	 0,	 0.0,	 0,	 0,	 0.0	 
05-07-2020 21:59:41,	 0,	 0,	 0.0,	 0,	 0,	 0.0	 
05-07-2020 21:59:41,	 0,	 0,	 0.0,	 0,	 0,	 0.0	 
05-07-2020 21:59:42,	 0,	 0,	 0.0,	 0,	 0,	 0.0	 
05-07-2020 21:59:42,	 0,	 0,	 0.0,	 0,	 0,	 0.0	 
05-07-2020 21:59:42,	 0,	 0,	 0.0,	 0,	 0,	 0.0	 
05-07-2020 21:59:42,	 0,	 0,	 0.0,	 0,	 0,	 0.0	 
05-07-2020 21:59:43,	 0,	 0,	 0.0,	 0,	 0,	 0.0	 
05-07-2020 21:59:43,	 0,	 0,	 0.0,	 0,	 0,	 0.0	 
05-07-2020 21:59:43,	 0,	 0,	 0.0,	 0,	 0,	 0.0	 
05-07-2020 21:59:44,	 0,	 0,	 0.0,	 0,	 0,	 0.0	 
05-07-2020 21:59:44,	 0,	 0,	 0.0,	 0,	 0,	 0.0	 
05-07-2020 21:59:44,	 -4,	 -4,	 -4.0,	 0,	 0,	 0.0	 
05-07-2020 21:59:45,	 -13,	 -13,	 -13.0,	 0,	 0,	 0.0	 
05-07-2020 21:59:45,	 -13,	 -13,	 -13.000000000000002,	 0,	 0,	 0.0	 
05-07-2020 21:59:45,	 -13,	 -13,	 -13.0,	 0,	 0,	 0.0	 
05-07-2020 21:59:45,	 -13,	 -13,	 -13.0,	 0,	 0,	 0.0	 
05-07-2020 21:59:46,	 -13,	 -13,	 -13.0,	 0,	 0,	 0.0	 
05-07-2020 21:59:46,	 -13,	 -13,	 -13.0,	 0,	 0,	 0.0	 
05-07-2020 21:59:46,	 -13,	 -13,	 -13.0,	 -13,	 -13,	 -13.0	 
05-07-2020 21:59:47,	 -13,	 -13,	 -13.0,	 -13,	 -13,	 -13.0	 
05-07-2020 21:59:47,	 -13,	 -13,	 -13.0,	 -13,	 -13,	 -13.0	 
05-07-2020 21:59:47,	 -13,	 -13,	 -13.0,	 -13,	 -13,	 -13.0	 
05-07-2020 21:59:48,	 -13,	 -13,	 -13.0,	 -13,	 -13,	 -13.0	 
05-07-2020 21:59:48,	 -13,	 -13,	 -13.0,	 -13,	 -13,	 -13.0	 
05-07-2020 21:59:48,	 -13,	 -13,	 -13.0,	 -13,	 -13,	 -13.0	 
05-07-2020 21:59:49,	 -13,	 -13,	 -13.0,	 -13,	 -13,	 -13.0	 
05-07-2020 21:59:49,	 -13,	 -13,	 -13.0,	 -13,	 -13,	 -13.0	 
05-07-2020 21:59:49,	 -11,	 -11,	 -11.0,	 -13,	 -13,	 -13.0	 
05-07-2020 21:59:50,	 1,	 1,	 1.0,	 -13,	 -13,	 -13.0	 
05-07-2020 21:59:50,	 1,	 1,	 1.0,	 -13,	 -13,	 -13.0	 
05-07-2020 21:59:50,	 0,	 0,	 0.0,	 -13,	 -13,	 -13.0	 
05-07-2020 21:59:51,	 0,	 0,	 1.3877787807814457e-17,	 -13,	 -13,	 -13.0	 
05-07-2020 21:59:51,	 0,	 0,	 0.0,	 -13,	 -13,	 -13.0	 
05-07-2020 21:59:52,	 0,	 0,	 -6.938893903907228e-18,	 -13,	 -13,	 -13.0	 
05-07-2020 21:59:52,	 0,	 0,	 8.673617379884035e-19,	 -11,	 -11,	 -11.0	 
05-07-2020 21:59:52,	 0,	 0,	 0.0,	 0,	 0,	 0.0	 
05-07-2020 21:59:53,	 0,	 0,	 0.0,	 0,	 0,	 0.0	 
05-07-2020 21:59:53,	 0,	 0,	 0.0,	 0,	 0,	 -2.220446049250313e-16	 
05-07-2020 21:59:53,	 -3,	 -3,	 -3.0,	 0,	 0,	 -5.551115123125783e-17	 
05-07-2020 21:59:54,	 -4,	 -4,	 -4.0,	 0,	 0,	 -6.938893903907228e-18	 
05-07-2020 21:59:54,	 -5,	 -5,	 -5.0,	 0,	 0,	 0.0	 
05-07-2020 21:59:54,	 -6,	 -6,	 -6.0,	 0,	 0,	 0.0	 
05-07-2020 21:59:55,	 -7,	 -7,	 -7.0,	 0,	 0,	 0.0	 
05-07-2020 21:59:55,	 -8,	 -8,	 -8.0,	 0,	 0,	 0.0	 
05-07-2020 21:59:55,	 -9,	 -9,	 -9.0,	 0,	 0,	 0.0	 
05-07-2020 21:59:56,	 -9,	 -9,	 -9.0,	 -9,	 -9,	 -9.0	 
05-07-2020 21:59:56,	 -10,	 -10,	 -10.0,	 -10,	 -10,	 -10.0	 
05-07-2020 21:59:57,	 -12,	 -12,	 -12.0,	 -12,	 -12,	 -12.0	 
05-07-2020 21:59:57,	 -12,	 -12,	 -12.0,	 -12,	 -12,	 -12.0	 
05-07-2020 21:59:57,	 -12,	 -12,	 -12.0,	 -12,	 -12,	 -11.999999999999998	 
05-07-2020 21:59:58,	 -12,	 -12,	 -12.0,	 -12,	 -12,	 -12.0	 
05-07-2020 21:59:58,	 -13,	 -13,	 -13.0,	 -13,	 -13,	 -13.0	 
05-07-2020 21:59:58,	 -12,	 -12,	 -12.0,	 -12,	 -12,	 -12.0	 
05-07-2020 21:59:59,	 -12,	 -12,	 -12.0,	 -12,	 -12,	 -12.0	 
05-07-2020 21:59:59,	 -12,	 -12,	 -12.0,	 -12,	 -12,	 -12.0	 
05-07-2020 21:59:59,	 -13,	 -13,	 -13.000000000000002,	 -13,	 -13,	 -13.000000000000002	 
05-07-2020 22:00:00,	 -13,	 -13,	 -13.0,	 -13,	 -13,	 -13.0	 
05-07-2020 22:00:00,	 -13,	 -13,	 -13.0,	 -13,	 -13,	 -13.0	 
05-07-2020 22:00:01,	 -13,	 -13,	 -13.0,	 -13,	 -13,	 -13.0	 
05-07-2020 22:00:01,	 -13,	 -13,	 -13.0,	 -13,	 -13,	 -13.0	 
05-07-2020 22:00:01,	 -12,	 -12,	 -12.0,	 -12,	 -12,	 -12.0	 
05-07-2020 22:00:02,	 -12,	 -12,	 -12.0,	 -12,	 -12,	 -12.0	 
05-07-2020 22:00:02,	 -12,	 -12,	 -12.0,	 -12,	 -12,	 -12.0	 
05-07-2020 22:00:02,	 -12,	 -12,	 -12.0,	 -12,	 -12,	 -12.0	 
05-07-2020 22:00:03,	 -11,	 -11,	 -11.0,	 -12,	 -12,	 -12.0	 
05-07-2020 22:00:03,	 6,	 6,	 6.0,	 -12,	 -12,	 -12.0	 
05-07-2020 22:00:03,	 6,	 6,	 5.999999999999997,	 -12,	 -12,	 -12.0	 
05-07-2020 22:00:04,	 4,	 4,	 4.0,	 -12,	 -12,	 -12.0	 
05-07-2020 22:00:04,	 7,	 7,	 7.0,	 -12,	 -12,	 -12.0	 
05-07-2020 22:00:04,	 7,	 7,	 7.0,	 -12,	 -12,	 -12.0	 
05-07-2020 22:00:05,	 5,	 5,	 5.0,	 -12,	 -12,	 -12.0	 
05-07-2020 22:00:05,	 8,	 8,	 8.0,	 -11,	 -11,	 -11.0	 
05-07-2020 22:00:06,	 8,	 8,	 8.0,	 8,	 8,	 8.0	 
05-07-2020 22:00:06,	 8,	 8,	 8.0,	 8,	 8,	 8.0	 
05-07-2020 22:00:06,	 7,	 7,	 7.000000000000001,	 7,	 7,	 7.0	 
05-07-2020 22:00:07,	 7,	 7,	 7.0,	 7,	 7,	 7.000000000000001	 
05-07-2020 22:00:07,	 8,	 8,	 8.0,	 8,	 8,	 8.0	 
05-07-2020 22:00:07,	 8,	 8,	 8.0,	 8,	 8,	 8.0	 
05-07-2020 22:00:08,	 8,	 8,	 8.0,	 8,	 8,	 8.0	 
05-07-2020 22:00:08,	 8,	 8,	 7.999999999999999,	 8,	 8,	 7.999999999999999	 
05-07-2020 22:00:08,	 8,	 8,	 8.0,	 8,	 8,	 8.0	 
05-07-2020 22:00:09,	 9,	 9,	 9.0,	 8,	 8,	 8.0	 
05-07-2020 22:00:09,	 12,	 12,	 12.0,	 8,	 8,	 8.0	 
05-07-2020 22:00:10,	 12,	 12,	 11.999999999999998,	 8,	 8,	 8.0	 
05-07-2020 22:00:10,	 12,	 12,	 12.0,	 8,	 8,	 8.0	 
05-07-2020 22:00:10,	 12,	 12,	 12.0,	 8,	 8,	 8.0	 
05-07-2020 22:00:11,	 11,	 11,	 11.0,	 11,	 11,	 11.0	 
05-07-2020 22:00:11,	 11,	 11,	 11.0,	 11,	 11,	 11.0	 
05-07-2020 22:00:11,	 12,	 12,	 12.000000000000002,	 12,	 12,	 12.0	 
05-07-2020 22:00:12,	 12,	 12,	 12.0,	 12,	 12,	 12.0	 
05-07-2020 22:00:12,	 12,	 12,	 12.0,	 12,	 12,	 12.0	 
05-07-2020 22:00:12,	 12,	 12,	 12.0,	 12,	 12,	 12.0	 
05-07-2020 22:00:13,	 11,	 11,	 11.000000000000002,	 12,	 12,	 12.0	 
05-07-2020 22:00:13,	 12,	 12,	 12.0,	 12,	 12,	 12.0	 
05-07-2020 22:00:13,	 12,	 12,	 12.0,	 12,	 12,	 12.0	 
05-07-2020 22:00:14,	 12,	 12,	 12.0,	 12,	 12,	 12.0	 
05-07-2020 22:00:14,	 12,	 12,	 12.0,	 12,	 12,	 12.0	 
05-07-2020 22:00:15,	 12,	 12,	 12.0,	 12,	 12,	 12.0	 
05-07-2020 22:00:15,	 12,	 12,	 12.0,	 12,	 12,	 12.0	 
05-07-2020 22:00:15,	 12,	 12,	 12.0,	 12,	 12,	 12.0	 
05-07-2020 22:00:16,	 11,	 11,	 11.0,	 12,	 12,	 12.0	 
05-07-2020 22:00:16,	 11,	 11,	 11.0,	 12,	 12,	 12.0	 
05-07-2020 22:00:16,	 11,	 11,	 11.0,	 12,	 12,	 12.0	 
05-07-2020 22:00:17,	 11,	 11,	 11.0,	 12,	 12,	 12.0	 
05-07-2020 22:00:17,	 11,	 11,	 11.0,	 12,	 12,	 12.0	 
05-07-2020 22:00:17,	 0,	 0,	 -8.881784197001252e-16,	 12,	 12,	 12.0	 
05-07-2020 22:00:17,	 0,	 0,	 0.0,	 11,	 11,	 11.0	 
05-07-2020 22:00:18,	 0,	 0,	 -2.220446049250313e-16,	 11,	 11,	 11.0	 
05-07-2020 22:00:18,	 0,	 0,	 -5.551115123125783e-17,	 11,	 11,	 11.0	 
05-07-2020 22:00:18,	 0,	 0,	 6.938893903907228e-18,	 11,	 11,	 11.0	 
05-07-2020 22:00:18,	 -4,	 -4,	 -4.0,	 11,	 11,	 11.0	 
05-07-2020 22:00:19,	 -18,	 -18,	 -18.0,	 11,	 11,	 11.0	 
05-07-2020 22:00:19,	 -10,	 -10,	 -10.0,	 -10,	 -10,	 -9.999999999999998	 
05-07-2020 22:00:19,	 -10,	 -10,	 -10.0,	 -10,	 -10,	 -10.0	 
05-07-2020 22:00:19,	 -10,	 -10,	 -10.0,	 -10,	 -10,	 -10.0	 
05-07-2020 22:00:20,	 -17,	 -17,	 -17.0,	 -17,	 -17,	 -17.0	 
05-07-2020 22:00:20,	 -12,	 -12,	 -12.0,	 -12,	 -12,	 -12.0	 
05-07-2020 22:00:20,	 -8,	 -8,	 -8.0,	 -8,	 -8,	 -8.0	 
05-07-2020 22:00:20,	 -6,	 -6,	 -6.0,	 -6,	 -6,	 -6.0	 
05-07-2020 22:00:21,	 -4,	 -4,	 -4.0,	 -4,	 -4,	 -4.0	 
05-07-2020 22:00:21,	 -3,	 -3,	 -2.9999999999999996,	 -3,	 -3,	 -2.9999999999999996	 
05-07-2020 22:00:21,	 -2,	 -2,	 -2.0,	 -2,	 -2,	 -2.0	 
05-07-2020 22:00:21,	 -2,	 -2,	 -2.0,	 -2,	 -2,	 -2.0	 
05-07-2020 22:00:22,	 -2,	 -2,	 -2.0,	 -2,	 -2,	 -2.0	 
05-07-2020 22:00:22,	 -2,	 -2,	 -2.0,	 -2,	 -2,	 -2.0	 
05-07-2020 22:00:22,	 1,	 1,	 0.9999999999999998,	 1,	 1,	 0.9999999999999998	 
05-07-2020 22:00:22,	 2,	 2,	 2.0,	 2,	 2,	 2.0	 
05-07-2020 22:00:23,	 2,	 2,	 2.0,	 2,	 2,	 2.0	 
05-07-2020 22:00:23,	 2,	 2,	 2.0,	 2,	 2,	 2.0	 
05-07-2020 22:00:23,	 2,	 2,	 2.0,	 2,	 2,	 2.0	 
05-07-2020 22:00:23,	 2,	 2,	 2.0,	 2,	 2,	 2.0	 
05-07-2020 22:00:23,	 1,	 1,	 1.0,	 1,	 1,	 1.0	 
05-07-2020 22:00:24,	 2,	 2,	 2.0,	 2,	 2,	 2.0	 
05-07-2020 22:00:24,	 1,	 1,	 1.0,	 1,	 1,	 1.0	 
05-07-2020 22:00:24,	 2,	 2,	 2.0,	 2,	 2,	 2.0	 
05-07-2020 22:00:24,	 2,	 2,	 2.0,	 2,	 2,	 2.0	 
05-07-2020 22:00:25,	 2,	 2,	 1.9999999999999998,	 2,	 2,	 1.9999999999999998	 
05-07-2020 22:00:25,	 2,	 2,	 1.9999999999999998,	 2,	 2,	 1.9999999999999998	 
05-07-2020 22:00:25,	 2,	 2,	 2.0,	 2,	 2,	 2.0	 
05-07-2020 22:00:25,	 2,	 2,	 2.0,	 2,	 2,	 2.0	 
05-07-2020 22:00:26,	 3,	 3,	 3.0,	 2,	 2,	 2.0	 
05-07-2020 22:00:26,	 5,	 5,	 5.0,	 2,	 2,	 2.0	 
05-07-2020 22:00:26,	 5,	 5,	 4.999999999999999,	 2,	 2,	 2.0	 
05-07-2020 22:00:26,	 4,	 4,	 4.0,	 2,	 2,	 2.0	 
05-07-2020 22:00:27,	 4,	 4,	 3.9999999999999996,	 2,	 2,	 2.0	 
05-07-2020 22:00:27,	 4,	 4,	 4.0,	 4,	 4,	 4.0	 
05-07-2020 22:00:27,	 5,	 5,	 5.0,	 5,	 5,	 5.0	 
05-07-2020 22:00:27,	 5,	 5,	 5.0,	 5,	 5,	 5.0	 
05-07-2020 22:00:28,	 5,	 5,	 5.0,	 5,	 5,	 5.0	 
05-07-2020 22:00:28,	 5,	 5,	 4.999999999999999,	 5,	 5,	 5.0	 
05-07-2020 22:00:28,	 5,	 5,	 5.0,	 5,	 5,	 5.0	 
05-07-2020 22:00:28,	 5,	 5,	 5.0,	 5,	 5,	 5.0	 
05-07-2020 22:00:29,	 5,	 5,	 5.0,	 5,	 5,	 5.0	 
05-07-2020 22:00:29,	 5,	 5,	 5.0,	 5,	 5,	 5.0	 
05-07-2020 22:00:29,	 5,	 5,	 5.0,	 5,	 5,	 5.0	 
05-07-2020 22:00:29,	 5,	 5,	 5.0,	 5,	 5,	 5.0	 
05-07-2020 22:00:29,	 5,	 5,	 5.0,	 5,	 5,	 5.0	 
05-07-2020 22:00:30,	 4,	 4,	 4.0,	 5,	 5,	 5.0	 
05-07-2020 22:00:30,	 3,	 3,	 3.0,	 5,	 5,	 5.0	 
05-07-2020 22:00:30,	 1,	 1,	 1.0,	 5,	 5,	 5.0	 
05-07-2020 22:00:30,	 2,	 2,	 2.0,	 5,	 5,	 5.0	 
05-07-2020 22:00:31,	 2,	 2,	 2.0000000000000004,	 5,	 5,	 5.0	 
05-07-2020 22:00:31,	 1,	 1,	 1.0,	 5,	 5,	 5.0	 
05-07-2020 22:00:31,	 1,	 1,	 0.9999999999999998,	 5,	 5,	 5.0	 
05-07-2020 22:00:32,	 0,	 0,	 0.0,	 4,	 4,	 4.0	 
05-07-2020 22:00:32,	 0,	 0,	 5.551115123125783e-17,	 0,	 0,	 0.0	 
05-07-2020 22:00:33,	 0,	 0,	 2.7755575615628914e-17,	 0,	 0,	 2.220446049250313e-16	 
05-07-2020 22:00:33,	 0,	 0,	 -6.938893903907228e-18,	 0,	 0,	 -1.1102230246251565e-16	 
05-07-2020 22:00:33,	 0,	 0,	 8.673617379884035e-19,	 0,	 0,	 0.0	 
05-07-2020 22:00:34,	 0,	 0,	 0.0,	 0,	 0,	 3.469446951953614e-18	 
05-07-2020 22:00:34,	 0,	 0,	 0.0,	 0,	 0,	 0.0	 
05-07-2020 22:00:34,	 0,	 0,	 0.0,	 0,	 0,	 0.0	 
05-07-2020 22:00:35,	 0,	 0,	 0.0,	 0,	 0,	 0.0	 
05-07-2020 22:00:35,	 0,	 0,	 0.0,	 0,	 0,	 0.0	 
05-07-2020 22:00:35,	 0,	 0,	 0.0,	 0,	 0,	 0.0	 
05-07-2020 22:00:36,	 0,	 0,	 0.0,	 0,	 0,	 0.0	 
05-07-2020 22:00:36,	 0,	 0,	 0.0,	 0,	 0,	 0.0	 
05-07-2020 22:00:36,	 0,	 0,	 0.0,	 0,	 0,	 0.0	 
05-07-2020 22:00:37,	 0,	 0,	 0.0,	 0,	 0,	 0.0	 
05-07-2020 22:00:37,	 0,	 0,	 0.0,	 0,	 0,	 0.0	 
05-07-2020 22:00:37,	 0,	 0,	 0.0,	 0,	 0,	 0.0	 
05-07-2020 22:00:38,	 0,	 0,	 0.0,	 0,	 0,	 0.0	 
05-07-2020 22:00:38,	 0,	 0,	 0.0,	 0,	 0,	 0.0	 
05-07-2020 22:00:38,	 0,	 0,	 0.0,	 0,	 0,	 0.0	 
05-07-2020 22:00:38,	 0,	 0,	 0.0,	 0,	 0,	 0.0	 
05-07-2020 22:00:39,	 0,	 0,	 0.0,	 0,	 0,	 0.0	 
05-07-2020 22:00:39,	 0,	 0,	 0.0,	 0,	 0,	 0.0	 
05-07-2020 22:00:39,	 0,	 0,	 0.0,	 0,	 0,	 0.0	 
05-07-2020 22:00:39,	 0,	 0,	 0.0,	 0,	 0,	 0.0	 